21
NULL 0 Common 0
Joined 7 0,255,0,255,0,0,0,0,0,0 Latin 1 0 1 Joined	# Joined [4a 6f 69 6e 65 64 ]a
|Broken|0|1 15 0,255,0,255,0,0,0,0,0,0 Common 2 10 2 |Broken|0|1	# Broken
C 5 0,255,0,255,0,0,0,0,0,0 Latin 3 0 3 C	# C [43 ]A
S 5 0,255,0,255,0,0,0,0,0,0 Latin 4 0 4 S	# S [53 ]A
U 5 0,255,0,255,0,0,0,0,0,0 Latin 5 0 5 U	# U [55 ]A
T 5 0,255,0,255,0,0,0,0,0,0 Latin 6 0 6 T	# T [54 ]A
B 5 0,255,0,255,0,0,0,0,0,0 Latin 7 0 7 B	# B [42 ]A
K 5 0,255,0,255,0,0,0,0,0,0 Latin 8 0 8 K	# K [4b ]A
L 5 0,255,0,255,0,0,0,0,0,0 Latin 9 0 9 L	# L [4c ]A
M 5 0,255,0,255,0,0,0,0,0,0 Latin 10 0 10 M	# M [4d ]A
P 5 0,255,0,255,0,0,0,0,0,0 Latin 11 0 11 P	# P [50 ]A
Q 5 0,255,0,255,0,0,0,0,0,0 Latin 12 0 12 Q	# Q [51 ]A
W 5 0,255,0,255,0,0,0,0,0,0 Latin 13 0 13 W	# W [57 ]A
A 5 0,255,0,255,0,0,0,0,0,0 Latin 14 0 14 A	# A [41 ]A
E 5 0,255,0,255,0,0,0,0,0,0 Latin 15 0 15 E	# E [45 ]A
R 5 0,255,0,255,0,0,0,0,0,0 Latin 16 0 16 R	# R [52 ]A
Z 5 0,255,0,255,0,0,0,0,0,0 Latin 17 0 17 Z	# Z [5a ]A
N 5 0,255,0,255,0,0,0,0,0,0 Latin 18 0 18 N	# N [4e ]A
X 5 0,255,0,255,0,0,0,0,0,0 Latin 19 0 19 X	# X [58 ]A
D 5 0,255,0,255,0,0,0,0,0,0 Latin 20 0 20 D	# D [44 ]A
